sh600199:0.001:400:0.00098:0.00105
sh600563:16.80:300:16.464:17.64
