sh600235:6.56:600:6.4288:6.888
sh600199:0.001:400:0.00098:0.00105
