sh600199:0.001:400:0.00098:0.00105
sh600235:6.575:600:6.4435:6.90375
