sh600199:0.001:400:0.00098:0.00105







sh600563:16.898:150:16.56004:17.7429
sh601717:14.09:100:13.8082:14.7945
